    50   3
1            000
2            000
3            000
4            000
5            001
6            101
7            100
8            101
9            100
10           000
11           101
12           100
13           101
14           010
15           010
16           000
17           010
18           010
19           000
20           010
21           110
22           110
23           010
24           011
25           111
26           111
27           111
28           010
29           010
30           111
31           111
32           111
33           100
34           101
35           101
36           111
37           111
38           111
39           111
40           010
41           010
42           000
43           000
44           001
45           001
46           111
47           111
48           101
49           001
50           001
